sFrS <- c(
    2068, 2254, 2175, 2168, 2125, 2194, 2238, 2222, 2116, 2245, 2090, 
    2064, 2262, 2263, 2173, 2042, 2231, 2149, 2188, 2131, 2112, 2228, 
    2197, 2247, 2133, 2219, 2067, 2069, 2187, 2273, 2271, 2119, 2113, 
    2062, 2141, 2225, 2264, 2232, 2246, 2147, 2192, 2177, 2182, 2095, 
    2038, 2072, 2152, 2092, 2218, 2251, 2146, 2172, 2204, 2101, 2257, 
    2144, 2280, 2206, 2154, 2036, 2097, 2244, 2227, 2157, 2252, 2276, 
    2277, 2203, 2229, 2106, 2211, 2189, 2202, 2082, 2167, 2171, 2065, 
    2179, 2128, 2134, 2058, 2118, 2053, 2073, 2071, 2046, 2255, 2163, 
    2063, 2039, 2140, 2184, 2242, 2186, 2158, 2226, 2130, 2086, 2258, 
    2208, 2132, 2109, 2139, 2207, 2041, 2261, 2151, 2102, 2055, 2241, 
    2078, 2230, 2075, 2136, 2180, 2190, 2181, 2100, 2193, 2195, 2060, 
    2279, 2155, 2160, 2087, 2278, 2143, 2165, 2122, 2123, 2243, 2266, 
    2176, 2057, 2085, 2248, 2115, 2209, 2216, 2199, 2161, 2275, 2212, 
    2142, 2080, 2235, 2150, 2098, 2091, 2047, 2213, 2093, 2183, 2170, 
    2048, 2059, 2200, 2111, 2037, 2044, 2096, 2191, 2250, 2076, 2052, 
    2240, 2267, 2049, 2110, 2124, 2114, 2198, 2126, 2282, 2074, 2129, 
    2162, 2084, 2283, 2259, 2214, 2081, 2135, 2148, 2066, 2274, 2045, 
    2051, 2224, 2070, 2239, 2205, 2138, 2215, 2145, 2236, 2210, 2040, 
    2260, 2061, 2088, 2174, 2220, 2079, 2056, 2050, 2272, 2156, 2083, 
    2234, 2107, 2054, 2103, 2043, 2127, 2077, 2120, 2108, 2268, 2094, 
    2099, 2164, 2159, 2104, 2117, 2196, 2166, 2178, 2256, 2223
)

sNTn <- c(
    2858, 2971, 2918, 3019, 2889, 2808, 2802, 2835, 2813, 2843, 2893, 
    2791, 2905, 2853, 2884, 3005, 2799, 2867, 2891, 2902, 2836, 2801, 
    2933, 2797, 2821, 2794, 2934, 2915, 2809, 2827, 2955, 2916, 2845, 
    2939, 2859, 2917, 2963, 2863, 2868, 2806, 2804, 3017, 2796, 3027, 
    2941, 2825, 2957, 2785, 3023, 2911, 3018, 2888, 2822, 2925, 2932, 
    2895, 2820, 2873, 2991, 2852, 2834, 2886, 2824, 2829, 2786, 2841, 
    2805, 2948, 2883, 2973, 2938, 2875, 3002, 2784, 2840, 2874, 2783, 
    3016, 2795, 2831, 2984, 2975, 2872, 2856, 2789, 2792, 2989, 2995, 
    2885, 2833, 2979, 2970, 2953, 2828, 2879, 2959, 2838, 2812, 2937, 
    2826, 2927, 3007, 3000, 2920, 3001, 2790, 3014, 2906, 2900, 2870, 
    2780, 2909, 2869, 2943, 2890, 2851, 2787, 2922, 2861, 2817, 2936, 
    2931, 2966, 2866, 2793, 2854, 2950, 2818, 2982, 3011, 2837, 3003, 
    3021, 2969, 2815, 2968, 2788, 2850, 2899, 2810, 2985, 2947, 2998, 
    2907, 2921, 2877, 2847, 2949, 2952, 2904, 2800, 2901, 2816, 2857, 
    2811, 2842, 2923, 2819, 2987, 2781, 2986, 2954, 2803
)

sSTf <- c(
    1496, 1446, 1482, 1465, 1454, 1631, 1470, 1642, 1430, 1444, 1474, 
    1566, 1658, 1491, 1635, 1582, 1487, 1441, 1415, 1459, 1422, 1458, 
    1553, 1527, 1587, 1439, 1436, 1583, 1559, 1484, 1548, 1516, 1429, 
    1660, 1561, 1580, 1554, 1433, 1453, 1457, 1646, 1578, 1427, 1521, 
    1536, 1468, 1460, 1591, 1522, 1552, 1603, 1442, 1452, 1502, 1571, 
    1418, 1523, 1416, 1421, 1434, 1431, 1644, 1519, 1537, 1543, 1506, 
    1539, 1528, 1630, 1584, 1655, 1419, 1462, 1466, 1455, 1615, 1450, 
    1647, 1498, 1497, 1447, 1445, 1570, 1624, 1511, 1626, 1577, 1520, 
    1550, 1592, 1440, 1461, 1449, 1514, 1535, 1651, 1435, 1532, 1639, 
    1609, 1500, 1485, 1593, 1469, 1504, 1656, 1529, 1575, 1657, 1488, 
    1505, 1662, 1486, 1473, 1456, 1569, 1530, 1608, 1472, 1576, 1438, 
    1481, 1507, 1545, 1471, 1607, 1625, 1628, 1538, 1612, 1551, 1417, 
    1555, 1420, 1567, 1463, 1475, 1425, 1503, 1451, 1623, 1448, 1586, 
    1599, 1479, 1443, 1564, 1518, 1437, 1480, 1596, 1619, 1614, 1594, 
    1641, 1568, 1560, 1423, 1426, 1546, 1432, 1490, 1585, 1544, 1495, 
    1428, 1513, 1610, 1562, 1489, 1640, 1534, 1598, 1424, 1464, 1512, 
    1501
)

sSFr <- c(
    1818, 1869, 1695, 1680, 1663, 1733, 1835, 1737, 1784, 1690, 1750, 
    1802, 1885, 1779, 1810, 1819, 1831, 1780, 1892, 1675, 1883, 1910, 
    1679, 1730, 1682, 1909, 1765, 1789, 1907, 1794, 1728, 1714, 1880, 
    1677, 1906, 1701, 1807, 1814, 1760, 1700, 1853, 1796, 1708, 1793, 
    1676, 1862, 1823, 1781, 1888, 1808, 1687, 1777, 1689, 1751, 1848, 
    1792, 1755, 1707, 1711, 1729, 1706, 1875, 1840, 1752, 1830, 1704, 
    1858, 1664, 1860, 1841, 1688, 1901, 1893, 1809, 1746, 1723, 1745, 
    1829, 1669, 1828, 1681, 1768, 1903, 1735, 1785, 1710, 1896, 1881, 
    1749, 1890, 1683, 1776, 1767, 1816, 1670, 1692, 1845, 1759, 1905, 
    1718, 1797, 1867, 1693, 1720, 1874, 1698, 1894, 1762, 1725, 1844, 
    1668, 1859, 1674, 1731, 1713, 1889, 1686, 1871, 1904, 1855, 1812, 
    1865, 1805, 1791, 1741, 1824, 1826, 1839, 1748, 1716, 1722, 1763, 
    1757, 1753, 1891, 1671, 1787, 1786, 1666, 1877, 1769, 1672, 1727, 
    1861, 1811, 1691, 1734, 1764, 1833, 1775, 1801, 1857, 1761, 1908, 
    1684, 1887, 1771, 1678, 1665, 1773, 1685, 1697, 1803, 1747, 1856, 
    1703, 1696, 1770, 1799, 1846, 1694, 1876, 1864, 1873, 1709, 1851, 
    1702, 1743, 1837, 1899, 1849, 1878, 1699, 1715, 1705, 1719, 1766, 
    1825, 1783, 1673, 1897, 1732, 1817, 1872, 1736, 1739, 1712, 1821, 
    1721, 1843, 1744, 1815, 1754, 1738, 1717, 1795, 1827, 1782, 1834, 
    1813, 1842, 1798, 1667, 1800, 1832, 1778
)

sTnN <- c(
    2560, 2607, 2606, 2643, 2640, 2634, 2760, 2627, 2737, 2568, 2605, 
    2742, 2647, 2691, 2598, 2573, 2536, 2721, 2537, 2712, 2778, 2702, 
    2747, 2651, 2736, 2765, 2708, 2567, 2599, 2715, 2744, 2584, 2631, 
    2766, 2612, 2719, 2755, 2675, 2774, 2711, 2632, 2615, 2638, 2779, 
    2686, 2701, 2618, 2722, 2658, 2587, 2543, 2563, 2609, 2690, 2561, 
    2589, 2625, 2696, 2753, 2619, 2672, 2545, 2680, 2547, 2740, 2576, 
    2572, 2671, 2533, 2552, 2566, 2588, 2626, 2581, 2720, 2679, 2663, 
    2687, 2577, 2738, 2551, 2670, 2553, 2608, 2555, 2685, 2743, 2628, 
    2717, 2611, 2710, 2689, 2601, 2639, 2695, 2756, 2777, 2706, 2614, 
    2571, 2653, 2775, 2746, 2575, 2630, 2558, 2579, 2733, 2595, 2723, 
    2716, 2582, 2667, 2705, 2538, 2759, 2596, 2697, 2569, 2761, 2603, 
    2649, 2654, 2591, 2662, 2624, 2730, 2739, 2620, 2594, 2633, 2684, 
    2564, 2650, 2570, 2764, 2548, 2652, 2636, 2688, 2681, 2542, 2682, 
    2617, 2668, 2726, 2770, 2659, 2734, 2623, 2762, 2666, 2750, 2539, 
    2592, 2748, 2767, 2616, 2546, 2540, 2698, 2729, 2583, 2749, 2704, 
    2590, 2554, 2544, 2713, 2657, 2769, 2641, 2622, 2703, 2574, 2771, 
    2714, 2674, 2559, 2656, 2534, 2580, 2694, 2673, 2578, 2532, 2707, 
    2669, 2752, 2541, 2676, 2550, 2724, 2718, 2655, 2646, 2610, 2642, 
    2728, 2727, 2600, 2735, 2754, 2585, 2678, 2731, 2562, 2745, 2692, 
    2648, 2768, 2604, 2772, 2593, 2557, 2763, 2732, 2664, 2621, 2586, 
    2699, 2549, 2751, 2776, 2644, 2665, 2556, 2635, 2535, 2637, 2758, 
    2700, 2602, 2660, 2565, 2683
)

